0.34843603
0.82526815
0.7035046
0.99527824
-0.8283082
-0.5550849
0.1258441
0.5864658
-0.5820493
0.07141743
-0.6949921
-0.49933538
-0.050822288
0.509347
-0.824682
0.6863858
-0.90736514
-0.29835308
0.55899185
-0.5456597
-0.6838481
-0.58091027
0.35240602
-0.31806126
0.6055354
-0.8922065
0.059022423
-0.031282045
0.8565186
0.3667714
-0.7186864
-0.53688943
-0.3661059
0.48963386
0.8277475
0.280379
0.66763914
-0.4321349
-0.32984892
0.16447523
0.57069445
-0.17725916
-0.8028846
-0.9371145
-0.5773975
0.71267384
-0.6852685
0.96288854
0.90716326
